$ANSIBLE_VAULT;1.1;AES256
37363765313735613764616530646532336261636236373536383932303964343738313436326263
3835646337623965616636366533643736663561383139610a633437663762363761393536346164
38333333663234393164373630356430323361666534363831303762326337333833343838373065
3965393162323138630a643533383837666663626161613533353338356435303964383466333438
39633966353934656563306565306337343461633934646530663539636132353965646165663634
34353266346262643535323837653036393064626432366630613635366464663661353366396463
32356462613433656361383365316435666134303134393436373763643563366338666439346137
30353630306234306637306133623863333634613438383535636338646630363439373337376337
64623561633139633534316163386461323963396533383062396432313664303161366335656336
31333833366266346537383135623339666233313539646163333764326434326231633930656531
39303637396237616338623834383839396632663637323964313434326432353433666461626331
61333232363030326665363431663130373631643162623361343462626132373763393865383735
63343565313837666335636431643662363964343634366230353237626635613463313435613865
38346334643439376537656237343334626164333764623666373630343264316336623130386232
36663563656165396430326531643530343361333639323864663630356139373361303330636333
38353130393536323239643031383832656463313236646235323836313461356235376437663337
66383436623765636131366465663633623166653832363837313032313362666662633430613865
34613937383565363236326162386234616665306666363466346530653166656136336361663062
34663939636364653632633936323463383531653838393264303235646638643665396632666339
36343365643939343532303439643936393937366338323333616465653766366630343437623762
63663664633438383238303935366461323362613832656136323064643065636166646330633165
65643330393536313764633331616631666239353032323632646130653438343131396363326130
62633233363961656562393034376334343733643636613366373765353238333931333230376332
64373463373938663735376462633331633666306338336633373831356366333137613431623763
32363461323537623762316637656436333031316364333736373564313938393437333730313265
65316561656433636634363936396661353634343935306365613966626130383539653162646636
61643635386363316164396264333863613134366436383432373562613964393431666136306465
39383936636563313963353562616534623939643265656663343839663139633531643865623064
64303336653036643438336263373365656562613733393364383465343439383161363034633062
31393534373332616336363661303733353431316662656433316465356430663763613334313564
61393736316366613338393931656336616338363633373763646162396533633836376433386566
31613531613531653361333162643833353133396339303233613666346635353833663130343138
36336463336464343933373333393733346633666561633833316633323937343438363631653136
66326234393366346230666566323562336664623465306235303934313832633031376333663264
38323439626136326335376239333761366632666361363039313238386466363366393333643531
38343934666331353233386133636465396432316362346538623561663964643730383636646637
36393564646233306134613638613138366166643966313338313531363234646166363861336133
35353838373634393638663464313666383238396661313265303138323139393534363334646336
36613037363162353434303735336333666631633434366430666639633064386536636366623530
63306333336233666265343831666662353662623262616563363430666361643464383166633736
32613664343264383434373838643061613665636536343463373963383037333762386536646339
64356434343263323665303138343761623339653331303164346565626363383232373233353834
31383765646262343465646131333864306364346664653466653639356234366263303735643562
61323237373364616566666365336634316261653836323961356361623364643937346431316666
36343232653139666366393366363430613766316134633065656136643137303839316539383861
30613035303733343565353433356239666632393964613736626432386664653964663431623538
33623837656665313536373964343761323366366431653234313336363066623663363032623032
35326636643166333433623438376239306365636630396461363332363239396635326561343366
33303337623235336462373366653631306237613562646563643031356164346239393961343836
31386364393433363536623537663964383234353864303132313662363965626663663062633066
34343038346431316430343032666163306436616562626532346439663531333732383035323630
39363633656130653738373338326239366661653133366666623863623139623631313637616434
33616363633863653233396535303834346666373065613436313134313237666262376165656639
61313162616130626564653933323334306634343736666136666435363261333263303262666465
32393839393765373131386530383365363961336338613830663032653934616163393766633038
37633666656534303862396165663366356164366637363966366532643762666634346335313463
35643935303735653436643362636431313262343537373961363830353264386632396436373762
65353134383931306666373562303330336432326437326261393834346632333934363364383265
63333866346433393030393733303235666665633538333632636138316463643234663362353735
64343238663433386263376537643636653263373837653036366265306331326239303264363134
64316137663239353764663564366663313766366239663431386663303762353739386661336339
64316639316639366534613862623136356530326561396535353037343362623838356565323133
64646562663630323563343863373938656166666632373364346537356532383730623636626636
63323336663637656362376130643235356237313038383264633431353163653866333861643234
63343131323633636639313531366663653462356131613865663833366630303064343466333634
62393061326130373863356633323263636133623131623833623933343465326661653639613961
34613534383961373862326437313762396264396638393738623235393337323432643232343962
66356430643838343734656163393561313562323264336162303339343534326335393463303035
61353434636161386461306435616465633033653362313036653434623663643136393236333966
38343064366366636332303864613036633762306239353263663935306532633263353431656161
37363236663231663265303236396266363033353936613165666434663064363464646135663564
30633461323063306533353461323931306539396366636537303735613139393839396433663561
62303839313334643065333932373233346335363437393335373264343064333939643137386562
65626365663665656437303964656431363134643736303561373235326563393165313636313233
33373761663938643862373537663738363862333332376163336561373663356433343337346335
35313732323034306435373562333437653733653564613537333130616336366239396431666439
36646232643034373338646464316134376335616461323731643265316231636562316564326361
36626235393437306661663334393333333963383538623936366131346239346231303530613437
37663663333534383934626430356462303864323034366233646165346332393839666536353664
64323138323339323061353633373038363932356136623335373865633564333266343130383630
39663333633730383235316437363031343764366239353263313766633566366664336536653737
31653235323337336561326131363434326262363362386262306332303530363061626161623937
66613639373138396230653731626564653336613033393663363439363263323137383230623237
38633932656535326364363338323439353732323666653364396537386136356335396439616133
39383662396561303562653531303732613065653866386332353962356666623132613462646563
65323834646438616633376164666639386539333338323031356139356231346237393461366132
31623930363338343832383261346266333436343636633964333138383232353266396166653232
34653331393039626364356161316362623234396532376563393436663064363335663332666231
64616363613366633665323061323333383038346237363365653737616365643137656438336332
31643861616131383631363539653236353135353866613732306361303832396437356231623361
35346433393863376536353632316135316530346236623433623163326337646334363435383036
66656564653432616338643830313164666339313535343838306635653166306435373334303066
39313339316265396464633764383530383566373063363666343536313838623837396266366464
36393535333231373766353433616331623835383534386635313262663230626337383663303366
63383830306265376164613035313236626435646634386333353339656663663439313435313339
30343964326530343061623232383433316130666363313236643336383234336334373466656435
66633432623064626536386334303633343937643861646536653431373731303039626139363863
34363732393637653531333033633763343563643762376566323039663438616663623263653035
62376132643538366637623439663131366161613930356536613633336336666364653235303731
30393333386439373263636133623933616138653962656361386364613762303131343731313833
64663635633866333064613766386238386262646462303233663738616339316135373932326137
33353261613135383565383533363764346661623164353262623934356139333266663935636163
30326464633434326438633839653166633565656232383666316132373833353435366436373134
31353630656462363932643761353237663237323535656665313630666236616431363461623632
66633766383434326632656662623663346365383434656239343865353337626565343036396263
64393462626635393064323536633065373665333837373734336239383538323833636564376237
37613863623534363561623334353564663032313165326338386435303963663339383731613932
30343864346433303165353332663661346632373362313266656233366363383733653130376264
39303462653034356166323033316135626666373037363632313236653130653832366364343961
61653161373936353439303131623365663737653032373538653864333037316462353361373766
38346234656634396336356134366331373765333333616465313964636537633466623734646531
36363263356131363562653137636431363036353262323064356136353933623363663065633265
38303438366133333435656433653233643632353465626339663363396136333439653937393665
39393663616138663036306564333464626165336238393134316364643534653236303938313462
63373363343331383639363265346137616439313463356134646563616135623865383537646637
31313036646561616436623665333064363966396532303262643361613361623736383231663261
61326363626438663265363464303939396137666335383762663333643231306163623062323663
36333732363431363432303337333166353636333032353962306137346534653764323533376663
30306137366333313138373137623934323534633763633162323736663361313430363830633063
65616534366461313261333962323538316234616439613661346635323430643732353134623232
34313036353839346336303462653662393965333738643438376639366132636435393161323039
31656137646337353963363566663231643835626135353363386263363231326632346263383330
34386661313365376138373035626434326533646162663939373737363131386437363365613966
63616637393438646166363439323836383237636565656365623561323261666330623964646537
61333739323233376362306361333063643065303337353539303531386631653233626638313136
61356335346365656137346332396533633732356138373863636562356366656639373137663739
36616138623538313364363061646234616638353266613736626638653332386330653038316335
39623964326261393037363832343030366531376533313631366162333465333165366262306534
65373737306264396133636332393631376436376431353237616261643033626133633665613231
39356366633464633864363664393164363039373330353266323837336164323531313831353863
61363436626161646134356561386334386366663162656261306462613330623439623664306262
62343734366231636339303432616139636530313163646237303061393261363165373132646137
31336332623061343533643764393632623034366432626562633537613861616164353632613561
31613537313035356436373133323733613862396635336633336337306165633031653231363861
36336332616439343865643036363035613739363830323466336534306461323039303231313066
64326432396538633338353531656361356137356661643735646431386238613733303039353231
63626232616230323739303133373163386262666361393930363837373533336164393139333935
30326234316433653730303234383537373330636238643664623235383434376531633131663538
61303562336631366432663732643262306436303861343462363231646138623635653534333165
61376630303531346664343438333832336364396238663463653337333239633363343465336361
36316639396331336564653436303465333530616239313330303661396136643031346437333161
64366461306436623132613334313334356365346161613135336334303535643333396534343664
32643532323463663438306630356336373135373331666561356566613436643039303466643631
61343930336661656664313162393534366465363835633964343238333539636632323364376531
31633864653961323464373261326565306236613332346463323634373863383239663136323263
61313265306635343161313462613166363937633966346630343661653236373533623236616366
63643430313563326638303265613637633533336235633237363338623731363664643462623831
31613430306539303738643136383738313963663635323937316435366136373061613762633938
63633338386639333531386130613264366238376238623665396339633365623831656337386134
34396266663539326663303365333866636462353730306366636361666130346666656234386561
37616364303862636431653861326237383537623966306533633536336562376561346231383861
35636335643362626632396333663764303630386435303266616537383831373335376366663132
35656234343465643436366331313130653437386463356231336133396438303566356466336233
36363764653436616635663765643632326133366633633364626633616332303133383765666462
31613266656565386238653639303764306637376635303531383965663034386137653564333763
62353935396631313338336335323130323539373833646664386663646638643565333533666339
33383465613131616466353465633666393738613062313362623463633162653937346631623663
66313332356166366462383963356664656333366532623632346461353635616137333862356439
64383930323033623661663439343633386462323231373462346635376562386462373531343766
61663735313864353939316564646539303434636131326435643736333034393061636337636564
38613334626163636233386661623266653262626431373861663233343533613361626230663665
65383836336334343762623236633630613936633132363266646163643735303062623663303732
64613639633237396135373164306537333633356163653130376331613164396533373666643137
38353164613961663738643764363639346266633832663939663864373734333565393963623136
31343638373665303137373139666631633936633430313833666337366239313038323434666164
63316363393038653862613739626530363331613133393938636630326338383339303761393030
38326133623631366465663837613664626135616637373730626637346466386539393533633933
61653134356638396262646661346631386463633437633266366166396134366464303936353233
37623162623331386134333665616337326362306232313962363630303133393462373131653663
32363530646539383038613066336365383131376263646236346162626162646333383963303736
34643230356234616639613461636430616335393735373332633430633732613230356462613834
32336264343933623963323662613233336139306564323162626633333961373839396661313731
37323438393437353338633962376264393564633034366538333138633936313161393832313734
36333865383563336535323237373434326538303061386265376337623535353837666237356263
34323165396335633564663232356231343266343530633139376665623961376666326430326431
64316136616662316537303265336363303839356632346366656332333638626132363463636430
6635
