$ANSIBLE_VAULT;1.1;AES256
65643562623332353365333465306563376461343931336165396236366265666562343666656638
3238663330636162393030643130396633333935393432310a656331353538393233643438633936
35393763623934633864366464643033613038306232623263616134373738643931616134636263
6162663339393235380a343265383062623931656562653361656537316164653536343732383732
62666336343662613638336331663065303636333065356339333162663963303635623364383632
38616466396638333263643762316664363766376466353465613964313736306633333534333839
33306163653630636164373432376634663965646362623332306139333462323034663033313262
37343330363964316663646136356535363631633764613839653966386632323935633466613636
62353637323237653563346565363065333236626164303135623564343165383230303433643361
38623166613161613131613735376435326530666465376638373739353266326531373564643131
32343038643866353736633162333662653961373535653736336234393061353635363663313462
37306365633031663136666631666562653933326563353739333630653264336561323963313037
61313035663830323563663130663139343138356364626134623437643364336339306464633436
3836333839333330353163383861633338373634663434333430
