$ANSIBLE_VAULT;1.1;AES256
34633965366537303736613237633661336662383061633961643439376339643534363966306562
3531366633613862623834373762643466333264653065610a656134396665306339386262396335
65356563326261303464393535313561323061333531616634643135646533626538383561333837
6634373863303866340a303438613663353032666533656365643636376464623966376138653962
65653563613764663662393266616137666464333336633762303363393563646135663836323330
37636366383962353461366530323131393330313638646235613238316262333537323064663036
38663736633433633163613737653466613565613338343030336131356639646462326165633731
30633062636331623130333361653539653464363234616233333938336433363239613830616561
36376537646232636539633535656135643665373730663762396236356332646536343031323361
33373132616466646461363666323734303034323363663836373637346238653733653364663835
65383464313732393139616166666434376337313034393833636136666633373734393239393138
61373436343635303835646338623664366435313639336662333063643531613339323232633031
66653139643134666231643265346531653161613337666630366238613339336639393036653936
35323436316466663635356132383064623533323966363138373866653761393437306233613364
30303937616164306266653232356561313535643763623031623535656362353439343330356134
33363232306237393163303938663965666535383034373030666438313437623065663836366634
30353163376135336666643334313563363538643037383962346664313535666336343966356537
30316666346135303030396162633966336137343662323839623865616566656437383966643638
63326364333063373930373666666466616161333665393936353265373232396534333734316361
36623232313832363238643631663237383265663534653530346338653765643062333564323335
31313831613737623235643562303732643537613765333532636262663733323530343139626261
66623263356536386664646362613536613737306263366663333532333236656138383532353631
64613835316232623536386561616533313762346461363762343033303732313565316364616161
37646337303933326165366136663031336536366265323435663435626134353162363930656432
65336535373662636337656236633162653564323163326338343835326235323334333736613362
65343262303532316164366139336636326638323863643465366234333338363863646332623336
65323965663462373234316163616539376633336437376435623762306639333665636630323731
34333934653039613433
